200.1 0.098
200.299 0.293804
200.596 0.587215
200.989 0.978035
201.477 1.46606
202.058 2.05108
202.73 2.73289
203.49 3.51123
204.336 4.38587
205.264 5.35652
206.273 6.42288
207.358 7.58461
208.517 8.84134
209.745 10.1926
211.039 11.638
212.395 13.1769
213.809 14.8088
215.276 16.5329
216.792 18.3485
218.351 20.2548
219.951 22.2509
221.584 24.3356
223.247 26.5079
224.934 28.7665
226.64 31.1102
228.36 33.5374
230.088 36.0465
231.819 38.6359
233.546 41.3037
235.265 44.048
236.971 46.8667
238.656 49.7576
240.316 52.7184
241.945 55.7466
243.538 58.8396
245.089 61.9948
246.592 65.2093
248.042 68.4802
249.433 71.8043
250.762 75.1787
252.021 78.5999
253.206 82.0647
254.313 85.5695
255.337 89.1109
256.272 92.6851
257.115 96.2886
257.861 99.9174
258.506 103.568
259.047 107.236
259.479 110.918
259.799 114.61
260.004 118.308
260.091 122.007
260.056 125.705
259.898 129.397
259.615 133.078
259.203 136.746
258.662 140.395
257.989 144.023
257.184 147.626
256.245 151.199
255.171 154.738
253.963 158.242
252.62 161.705
251.141 165.124
249.528 168.497
247.78 171.819
245.899 175.088
243.885 178.301
241.74 181.454
239.465 184.546
237.062 187.574
234.534 190.535
231.881 193.426
229.107 196.247
226.215 198.995
223.206 201.668
220.085 204.265
216.854 206.784
213.516 209.224
210.075 211.584
206.535 213.863
202.9 216.061
199.173 218.176
195.358 220.209
191.459 222.16
187.482 224.028
183.429 225.814
179.305 227.517
175.115 229.139
170.862 230.681
166.553 232.142
162.189 233.525
157.778 234.829
153.322 236.057
148.826 237.209
144.295 238.288
139.732 239.295
135.143 240.231
130.531 241.098
125.901 241.899
121.256 242.634
116.602 243.307
111.94 243.92
107.277 244.473
102.614 244.97
97.9566 245.413
93.3072 245.804
88.6697 246.146
84.0472 246.439
79.4429 246.687
74.8598 246.892
70.301 247.055
65.7693 247.18
61.2673 247.267
56.7976 247.32
52.3628 247.339
47.9652 247.327
43.6072 247.286
39.2908 247.217
35.0182 247.122
30.7914 247.002
26.6122 246.86
22.4825 246.695
18.404 246.51
14.3784 246.306
10.4074 246.083
6.49234 245.844
2.63485 245.588
-1.1637 245.316
-4.9019 245.03
-8.57843 244.73
-12.192 244.416
-15.7413 244.089
-19.2252 243.749
-22.6425 243.398
-25.9919 243.034
-29.2725 242.659
-32.483 242.272
-35.6225 241.874
-38.6898 241.464
-41.6839 241.044
-44.6039 240.612
-47.4487 240.169
-50.2175 239.715
-52.9092 239.251
-55.5231 238.775
-58.0583 238.288
-60.5139 237.791
-62.8891 237.282
-65.1832 236.763
-67.3955 236.232
-69.5252 235.691
-71.5719 235.14
-73.5348 234.578
-75.4134 234.006
-77.2073 233.424
-78.9159 232.832
-80.539 232.231
-82.0761 231.62
-83.5271 231.002
-84.8916 230.375
-86.1696 229.741
-87.361 229.099
-88.4656 228.452
-89.4836 227.799
-90.4151 227.141
-91.2602 226.479
-92.0192 225.814
-92.6923 225.147
-93.28 224.479
-93.7826 223.81
-94.2007 223.143
-94.5348 222.477
-94.7855 221.815
-94.9535 221.158
-95.0397 220.506
-95.0446 219.862
-94.9693 219.226
-94.8146 218.6
-94.5815 217.985
-94.271 217.384
-93.8841 216.797
-93.4219 216.226
-92.8855 215.673
-92.2761 215.138
-91.5949 214.625
-90.843 214.134
-90.0217 213.667
-89.1323 213.225
-88.1761 212.81
-87.1542 212.424
-86.0679 212.069
-84.9186 211.745
-83.7075 211.455
-82.4359 211.199
-81.105 210.98
-79.716 210.799
-78.2703 210.656
-76.7689 210.554
-75.2131 210.493
-73.604 210.475
-71.9428 210.501
-70.2304 210.572
-68.4681 210.689
-66.6568 210.852
-64.7974 211.062
-62.891 211.321
-60.9385 211.627
-58.9407 211.983
-56.8985 212.387
-54.8127 212.841
-52.6841 213.344
-50.5135 213.896
-48.3015 214.497
-46.0489 215.146
-43.7564 215.843
-41.4246 216.587
-39.0542 217.377
-36.6459 218.212
-34.2003 219.091
-31.7181 220.013
-29.2 220.975
-26.6466 221.977
-24.0587 223.016
-21.4369 224.091
-18.7821 225.2
-16.0951 226.339
-13.3767 227.507
-10.6279 228.701
-7.84947 229.918
-5.04256 231.156
-2.20821 232.411
0.652433 233.681
3.53815 234.962
6.44767 236.251
9.37962 237.544
12.3326 238.839
15.305 240.131
18.2952 241.418
21.3017 242.695
24.3225 243.958
27.356 245.205
30.4001 246.431
33.4529 247.633
36.5122 248.807
39.5759 249.949
42.6419 251.056
45.7078 252.124
48.7713 253.15
51.8299 254.13
54.8813 255.06
57.923 255.937
60.9523 256.759
63.9667 257.522
66.9637 258.222
69.9406 258.858
72.8948 259.425
75.8236 259.923
78.7245 260.347
81.5946 260.697
84.4316 260.969
87.2326 261.162
89.9952 261.274
92.7169 261.303
95.3951 261.249
98.0274 261.109
100.611 260.882
103.145 260.568
105.625 260.167
108.051 259.676
110.419 259.098
112.729 258.431
114.977 257.675
117.163 256.831
119.284 255.9
121.339 254.882
123.327 253.779
125.245 252.59
127.094 251.319
128.872 249.966
130.577 248.534
132.21 247.023
133.769 245.437
135.253 243.777
136.664 242.047
138 240.248
139.261 238.384
140.447 236.457
141.558 234.471
142.596 232.429
143.559 230.333
144.45 228.189
145.268 225.999
146.014 223.767
146.691 221.496
147.298 219.192
147.837 216.857
148.309 214.495
148.717 212.112
149.061 209.71
149.344 207.294
149.567 204.869
149.733 202.438
149.844 200.006
149.901 197.576
149.907 195.155
149.864 192.744
149.775 190.349
149.643 187.975
149.469 185.624
149.256 183.301
149.008 181.01
148.726 178.756
148.414 176.541
148.074 174.37
147.708 172.247
147.32 170.175
146.912 168.157
146.487 166.198
146.047 164.301
145.595 162.468
145.134 160.703
144.666 159.008
144.193 157.388
143.719 155.844
143.244 154.379
142.772 152.995
142.305 151.695
141.844 150.482
141.391 149.356
140.949 148.321
140.519 147.377
140.102 146.526
139.701 145.77
139.315 145.11
138.947 144.548
138.597 144.084
138.267 143.718
137.957 143.453
137.667 143.288
137.398 143.223
137.15 143.26
136.924 143.397
136.719 143.635
136.536 143.974
136.373 144.413
136.23 144.951
136.108 145.589
136.004 146.324
135.918 147.157
135.849 148.085
135.795 149.107
135.757 150.223
135.731 151.429
135.716 152.725
135.711 154.108
135.714 155.577
135.724 157.128
135.737 158.76
135.752 160.47
135.768 162.254
135.781 164.112
135.79 166.038
135.792 168.03
135.785 170.086
135.766 172.2
135.734 174.371
135.685 176.594
135.618 178.865
135.529 181.181
135.417 183.538
135.279 185.932
135.113 188.358
134.916 190.813
134.687 193.293
134.422 195.792
134.12 198.307
133.778 200.833
133.395 203.367
132.969 205.903
132.496 208.437
131.977 210.965
131.409 213.482
130.79 215.985
130.119 218.468
129.394 220.928
128.614 223.36
127.779 225.759
126.886 228.123
125.935 230.447
124.924 232.727
123.855 234.959
122.725 237.139
121.534 239.264
120.282 241.331
118.968 243.335
117.593 245.275
116.157 247.146
114.659 248.946
113.101 250.673
111.482 252.323
109.803 253.894
108.065 255.384
106.268 256.791
104.413 258.114
102.502 259.35
100.535 260.498
98.5137 261.557
96.4394 262.526
94.3134 263.405
92.1372 264.191
89.9125 264.886
87.6408 265.488
85.3239 265.999
82.9636 266.417
80.5618 266.744
78.1203 266.98
75.6412 267.126
73.1266 267.184
70.5783 267.153
67.9986 267.036
65.3896 266.834
62.7534 266.549
60.0922 266.183
57.4081 265.737
54.7033 265.216
51.98 264.619
49.2404 263.951
46.4865 263.215
43.7205 262.411
40.9445 261.545
38.1606 260.619
35.3708 259.635
32.577 258.598
29.7812 257.511
26.9853 256.376
24.1911 255.198
21.4004 253.981
18.6149 252.727
15.8363 251.44
13.066 250.125
10.3057 248.784
7.55676 247.421
4.82055 246.04
2.09836 244.645
-0.608586 243.239
-3.29915 241.826
-5.97226 240.408
-8.62692 238.991
-11.2622 237.577
-13.8772 236.169
-16.4713 234.77
-19.0435 233.384
-21.5934 232.014
-24.1202 230.662
-26.6234 229.332
-29.1025 228.025
-31.5571 226.746
-33.9868 225.495
-36.3911 224.275
-38.7697 223.088
-41.1224 221.937
-43.4487 220.823
-45.7485 219.748
-48.0214 218.713
-50.2672 217.719
-52.4857 216.769
-54.6765 215.862
-56.8395 215.001
-58.9743 214.185
-61.0806 213.415
-63.1582 212.692
-65.2066 212.015
-67.2256 211.386
-69.2147 210.805
-71.1735 210.27
-73.1015 209.783
-74.9983 209.342
-76.8633 208.948
-78.696 208.599
-80.4957 208.295
-82.2619 208.035
-83.9938 207.819
-85.6907 207.645
-87.3519 207.513
-88.9765 207.421
-90.5639 207.368
-92.113 207.353
-93.6231 207.375
-95.0932 207.432
-96.5224 207.522
-97.9097 207.646
-99.2543 207.799
-100.555 207.983
-101.811 208.194
-103.021 208.431
-104.185 208.693
-105.301 208.979
-106.368 209.285
-107.385 209.612
-108.351 209.957
-109.266 210.318
-110.129 210.695
-110.938 211.086
-111.692 211.488
-112.392 211.901
-113.035 212.324
-113.621 212.754
-114.15 213.19
-114.621 213.631
-115.033 214.076
-115.385 214.523
-115.678 214.971
-115.91 215.42
-116.081 215.867
-116.19 216.312
-116.238 216.754
-116.225 217.191
-116.149 217.624
-116.01 218.051
-115.81 218.471
-115.547 218.884
-115.222 219.29
-114.835 219.686
-114.386 220.074
-113.875 220.453
-113.303 220.822
-112.67 221.181
-111.976 221.529
-111.222 221.868
-110.409 222.196
-109.537 222.514
-108.607 222.821
-107.619 223.119
-106.574 223.406
-105.474 223.683
-104.318 223.951
-103.108 224.21
-101.845 224.46
-100.53 224.701
-99.1639 224.935
-97.7474 225.162
-96.2819 225.381
-94.7684 225.595
-93.2082 225.803
-91.6023 226.007
-89.9519 226.206
-88.2582 226.402
-86.5225 226.596
-84.7459 226.788
-82.9296 226.979
-81.0749 227.169
-79.183 227.361
-77.2551 227.553
-75.2924 227.748
-73.2962 227.946
-71.2676 228.147
-69.2078 228.353
-67.1181 228.565
-64.9995 228.782
-62.8532 229.006
-60.6805 229.237
-58.4823 229.475
-56.2598 229.722
-54.0142 229.978
-51.7464 230.244
-49.4575 230.518
-47.1487 230.803
-44.8208 231.099
-42.4749 231.404
-40.1121 231.721
-37.7333 232.048
-35.3394 232.386
-32.9315 232.735
-30.5105 233.094
-28.0774 233.463
-25.633 233.843
-23.1783 234.232
-20.7144 234.63
-18.242 235.037
-15.7622 235.452
-13.2759 235.875
-10.784 236.304
-8.28763 236.739
-5.78761 237.179
-3.28498 237.623
-0.780739 238.07
1.72409 238.519
4.22847 238.969
6.73136 239.419
9.23167 239.866
11.7283 240.311
14.2202 240.752
16.7061 241.187
19.185 241.615
21.6555 242.034
24.1167 242.444
26.5671 242.842
29.0056 243.227
31.4309 243.598
33.8417 243.953
36.2367 244.291
38.6145 244.61
40.974 244.908
43.3136 245.185
45.6321 245.439
47.9281 245.668
50.2002 245.872
52.447 246.048
54.6672 246.196
56.8594 246.314
59.0222 246.401
61.1543 246.456
63.2542 246.479
65.3208 246.467
67.3526 246.421
69.3483 246.338
71.3067 246.22
73.2266 246.064
75.1066 245.871
76.9457 245.64
78.7427 245.37
80.4965 245.062
82.2059 244.714
83.87 244.327
85.4879 243.902
87.0585 243.437
88.581 242.933
90.0546 242.391
91.4786 241.81
92.8522 241.192
94.1747 240.537
95.4458 239.845
96.6647 239.118
97.8311 238.355
98.9446 237.559
100.005 236.73
101.012 235.87
101.965 234.979
102.865 234.06
103.71 233.113
104.502 232.139
105.241 231.141
105.926 230.121
106.558 229.079
107.137 228.018
107.664 226.94
108.139 225.846
108.562 224.739
108.934 223.62
109.257 222.493
109.529 221.357
109.753 220.217
109.929 219.075
110.057 217.931
110.14 216.79
110.177 215.652
110.17 214.521
110.119 213.399
110.026 212.287
109.893 211.19
109.719 210.107
109.506 209.043
109.255 208
108.968 206.979
108.646 205.983
108.29 205.015
107.9 204.076
107.479 203.168
107.027 202.295
106.546 201.458
106.037 200.658
105.501 199.899
104.939 199.181
104.352 198.508
103.742 197.88
103.109 197.299
102.454 196.768
101.779 196.287
101.084 195.858
100.371 195.483
99.6393 195.162
98.8911 194.898
98.1266 194.691
97.3466 194.542
96.5519 194.452
95.7429 194.422
94.9202 194.452
94.0845 194.544
93.236 194.697
92.3753 194.913
91.5027 195.19
90.6183 195.529
89.7226 195.931
88.8156 196.394
87.8975 196.92
86.9684 197.506
86.0283 198.153
85.0771 198.86
84.1148 199.627
83.1413 200.451
82.1564 201.333
81.16 202.27
80.1519 203.262
79.1317 204.307
78.0993 205.403
77.0543 206.549
75.9965 207.742
74.9254 208.982
73.8408 210.265
72.7422 211.59
71.6294 212.954
70.502 214.355
69.3597 215.79
68.202 217.256
67.0287 218.752
65.8394 220.274
64.6338 221.819
63.4117 223.385
62.1728 224.968
60.9168 226.565
59.6436 228.174
58.3529 229.79
57.0447 231.412
55.7188 233.035
54.3752 234.657
53.0139 236.274
51.6349 237.883
50.2382 239.481
48.8239 241.064
47.3922 242.629
45.9434 244.173
44.4776 245.693
42.9952 247.186
41.4965 248.649
39.9818 250.078
38.4517 251.471
36.9065 252.824
35.3469 254.136
33.7735 255.403
32.1867 256.623
30.5873 257.792
28.976 258.91
27.3535 259.972
25.7206 260.978
24.0781 261.925
22.4268 262.812
20.7677 263.635
19.1016 264.395
17.4294 265.088
15.7522 265.715
14.0709 266.273
12.3864 266.761
10.6999 267.179
9.01226 267.526
7.32459 267.801
5.63793 268.004
3.95333 268.134
2.27183 268.192
0.594484 268.177
-1.07766 268.09
-2.74355 267.93
-4.40218 267.699
-6.05251 267.398
-7.69354 267.026
-9.32428 266.585
-10.9438 266.076
-12.5511 265.501
-14.1452 264.86
-15.7254 264.156
-17.2906 263.39
-18.8402 262.565
-20.3733 261.681
-21.889 260.741
-23.3868 259.747
-24.8659 258.702
-26.3257 257.608
-27.7655 256.467
-29.1847 255.283
-30.583 254.058
-31.9597 252.794
-33.3145 251.495
-34.647 250.164
-35.9568 248.803
-37.2436 247.416
-38.5072 246.005
-39.7474 244.574
-40.964 243.126
-42.1569 241.664
-43.326 240.192
-44.4713 238.712
-45.5928 237.228
-46.6906 235.742
-47.7646 234.259
-48.8152 232.781
-49.8423 231.311
-50.8463 229.853
-51.8272 228.409
-52.7855 226.983
-53.7213 225.577
-54.6349 224.195
-55.5266 222.838
-56.3969 221.51
-57.246 220.214
-58.0743 218.952
-58.8822 217.726
-59.67 216.539
-60.4381 215.393
-61.1869 214.29
-61.9168 213.232
-62.6281 212.222
-63.3213 211.261
-63.9966 210.35
-64.6543 209.492
-65.2949 208.687
-65.9186 207.938
-66.5256 207.244
-67.1163 206.608
-67.6908 206.031
-68.2493 205.512
-68.792 205.054
-69.3191 204.655
-69.8305 204.318
-70.3265 204.041
-70.8069 203.825
-71.2719 203.671
-71.7212 203.578
-72.155 203.546
-72.5729 203.574
-72.9749 203.662
-73.3608 203.809
-73.7302 204.015
-74.083 204.279
-74.4188 204.599
-74.7372 204.976
-75.0379 205.407
-75.3205 205.891
-75.5844 206.427
-75.8293 207.014
-76.0546 207.649
-76.2597 208.331
-76.4442 209.059
-76.6075 209.83
-76.7489 210.643
-76.8678 211.495
-76.9637 212.385
-77.0359 213.31
-77.0838 214.268
-77.1066 215.257
-77.1039 216.275
-77.0749 217.319
-77.0189 218.387
-76.9354 219.476
-76.8238 220.584
-76.6834 221.709
-76.5136 222.848
-76.3138 223.998
-76.0836 225.157
-75.8223 226.323
-75.5294 227.493
-75.2045 228.664
-74.8471 229.834
-74.4568 231.001
-74.0331 232.161
-73.5759 233.314
-73.0846 234.455
-72.5592 235.584
-71.9992 236.697
-71.4046 237.793
-70.7752 238.868
-70.1108 239.922
-69.4115 240.952
-68.6771 241.956
-67.9078 242.932
-67.1037 243.878
-66.2647 244.793
-65.3912 245.674
-64.4834 246.521
-63.5414 247.331
-62.5656 248.104
-61.5565 248.838
-60.5143 249.532
-59.4395 250.184
-58.3326 250.794
-57.1942 251.361
-56.0249 251.884
-54.8252 252.362
-53.5958 252.795
-52.3374 253.182
-51.0507 253.523
-49.7365 253.818
-48.3956 254.066
-47.0288 254.268
-45.6369 254.423
-44.2209 254.532
-42.7816 254.596
-41.3199 254.613
-39.8369 254.586
-38.3334 254.514
-36.8104 254.399
-35.269 254.24
-33.71 254.04
-32.1346 253.798
-30.5437 253.517
-28.9384 253.197
-27.3196 252.839
-25.6884 252.445
-24.0458 252.016
-22.3928 251.553
-20.7304 251.059
-19.0596 250.534
-17.3814 249.981
-15.6967 249.4
-14.0065 248.794
-12.3118 248.165
-10.6134 247.514
-8.91223 246.843
-7.20925 246.154
-5.50528 245.448
-3.80116 244.728
-2.09771 243.996
-0.395723 243.254
1.30402 242.502
3.00079 241.744
4.69384 240.981
6.38248 240.215
8.06604 239.448
9.74387 238.681
11.4153 237.917
13.0798 237.157
14.7368 236.403
16.3857 235.656
18.0259 234.919
19.657 234.192
21.2784 233.477
22.8897 232.776
24.4904 232.091
26.08 231.421
27.6582 230.769
29.2245 230.136
30.7785 229.523
32.3198 228.931
33.848 228.361
35.3627 227.814
36.8636 227.29
38.3502 226.791
39.8223 226.317
41.2793 225.868
42.721 225.446
44.147 225.05
45.5569 224.681
46.9502 224.338
48.3267 224.023
49.6859 223.736
51.0274 223.476
52.3508 223.243
53.6557 223.037
54.9416 222.858
56.208 222.706
57.4546 222.58
58.6809 222.48
59.8863 222.405
61.0705 222.356
62.2328 222.331
63.3727 222.329
64.4899 222.351
65.5836 222.395
66.6534 222.46
67.6988 222.546
68.7191 222.652
69.7137 222.777
70.6823 222.92
71.624 223.079
72.5385 223.255
73.425 223.446
74.2831 223.651
75.1121 223.869
75.9114 224.099
76.6805 224.339
77.4189 224.59
78.1259 224.849
78.801 225.116
79.4437 225.389
80.0535 225.668
80.6298 225.952
81.1721 226.239
81.68 226.528
82.153 226.819
82.5907 227.111
82.9925 227.401
83.3583 227.691
83.6875 227.978
83.9798 228.262
84.2349 228.542
84.4525 228.818
84.6324 229.087
84.7743 229.351
84.878 229.608
84.9433 229.857
